6.305217146873474121e-01
6.313424110412597656e-01
6.465222835540771484e-01
6.528729200363159180e-01
6.793861985206604004e-01
6.830433011054992676e-01
6.872350573539733887e-01
inf
inf
inf
inf
inf
inf
inf
inf
inf
inf
3.049956560134887695e+00
3.004519462585449219e+00
2.991301298141479492e+00
2.998300075531005859e+00
3.022749900817871094e+00
3.143548488616943359e+00
inf
inf
inf
2.038082838058471680e+00
2.015968799591064453e+00
2.000455856323242188e+00
1.979232192039489746e+00
1.993536353111267090e+00
2.007696390151977539e+00
2.042284965515136719e+00
2.096307039260864258e+00
inf
inf
inf
inf
inf
inf
inf
inf
inf
inf
inf
3.496288776397705078e+00
3.455945014953613281e+00
1.264407992362976074e+00
1.207631111145019531e+00
1.170722484588623047e+00
1.145785927772521973e+00
1.127166271209716797e+00
1.139471054077148438e+00
1.121968388557434082e+00
1.161809325218200684e+00
1.126533985137939453e+00
1.153064608573913574e+00
1.147196650505065918e+00
1.177444934844970703e+00
1.192804932594299316e+00
1.235702514648437500e+00
2.827593326568603516e+00
2.822153329849243164e+00
2.786037445068359375e+00
2.767267465591430664e+00
2.728606939315795898e+00
2.719583749771118164e+00
2.711218357086181641e+00
2.674772500991821289e+00
2.661803245544433594e+00
2.633270978927612305e+00
2.615778446197509766e+00
2.610134601593017578e+00
2.485127687454223633e+00
2.324551105499267578e+00
2.152521133422851562e+00
2.025533676147460938e+00
1.992664098739624023e+00
1.977292418479919434e+00
1.954300522804260254e+00
1.957221865653991699e+00
1.973143935203552246e+00
1.959486961364746094e+00
1.969944834709167480e+00
1.944782257080078125e+00
1.957586646080017090e+00
1.959595561027526855e+00
1.942979454994201660e+00
1.899004936218261719e+00
1.847678303718566895e+00
1.768230199813842773e+00
1.734585523605346680e+00
1.666849255561828613e+00
1.640847682952880859e+00
1.591110825538635254e+00
1.559842348098754883e+00
1.523666858673095703e+00
1.489388704299926758e+00
1.450850963592529297e+00
1.415960907936096191e+00
1.368981361389160156e+00
1.360126018524169922e+00
1.350403666496276855e+00
1.304740667343139648e+00
1.268271684646606445e+00
1.259906411170959473e+00
1.223328828811645508e+00
1.212865710258483887e+00
1.184300541877746582e+00
1.172389268875122070e+00
1.161527514457702637e+00
1.141914248466491699e+00
1.146166920661926270e+00
1.122356414794921875e+00
1.126433014869689941e+00
1.105216264724731445e+00
1.088985562324523926e+00
1.052661061286926270e+00
1.035310029983520508e+00
1.045009255409240723e+00
1.030491232872009277e+00
1.016297817230224609e+00
1.023035883903503418e+00
1.004968881607055664e+00
9.955577254295349121e-01
9.972383379936218262e-01
9.707182049751281738e-01
9.752886891365051270e-01
9.683989286422729492e-01
9.469816684722900391e-01
9.491923451423645020e-01
9.554647803306579590e-01
9.484409689903259277e-01
9.444019794464111328e-01
9.231622219085693359e-01
9.308332800865173340e-01
9.217290282249450684e-01
9.304057359695434570e-01
9.205231666564941406e-01
9.077476859092712402e-01
9.008713960647583008e-01
9.244135618209838867e-01
8.990629315376281738e-01
8.940155506134033203e-01
9.086183309555053711e-01
8.888639211654663086e-01
9.035763144493103027e-01
9.132661223411560059e-01
8.932005167007446289e-01
8.961755633354187012e-01
8.900435566902160645e-01
8.989946246147155762e-01
8.996724486351013184e-01
8.715583086013793945e-01
8.988440036773681641e-01
9.142935276031494141e-01
8.986535668373107910e-01
8.982189297676086426e-01
9.174550175666809082e-01
9.019972085952758789e-01
9.065189361572265625e-01
9.265093803405761719e-01
9.100493192672729492e-01
9.176701903343200684e-01
9.167885184288024902e-01
9.349586963653564453e-01
9.366714358329772949e-01
9.594397544860839844e-01
9.547959566116333008e-01
9.429106116294860840e-01
9.623641967773437500e-01
9.537134766578674316e-01
9.556629061698913574e-01
9.627258181571960449e-01
9.898257851600646973e-01
9.780098199844360352e-01
9.939380288124084473e-01
1.026387810707092285e+00
1.013077378273010254e+00
1.045961141586303711e+00
1.036705851554870605e+00
1.052138328552246094e+00
1.062039494514465332e+00
1.060534954071044922e+00
1.058059930801391602e+00
1.049603700637817383e+00
1.062339663505554199e+00
1.028004884719848633e+00
1.029183626174926758e+00
1.017446041107177734e+00
1.031898379325866699e+00
9.965898990631103516e-01
9.974282383918762207e-01
1.007270455360412598e+00
9.997540116310119629e-01
9.734190702438354492e-01
9.826309680938720703e-01
9.881870746612548828e-01
9.980219602584838867e-01
9.602323770523071289e-01
9.427419304847717285e-01
9.777535200119018555e-01
9.555140137672424316e-01
9.619524478912353516e-01
9.622250199317932129e-01
9.546738266944885254e-01
9.648768901824951172e-01
9.532546401023864746e-01
9.487541317939758301e-01
9.338163137435913086e-01
9.649178385734558105e-01
9.578033685684204102e-01
9.537394642829895020e-01
9.505967497825622559e-01
9.661706089973449707e-01
9.641036987304687500e-01
9.553849101066589355e-01
9.607331156730651855e-01
9.650237560272216797e-01
9.718676209449768066e-01
9.722614884376525879e-01
9.756999015808105469e-01
9.914925098419189453e-01
9.833571910858154297e-01
9.950512647628784180e-01
1.004546761512756348e+00
9.991778135299682617e-01
1.011883378028869629e+00
1.008226990699768066e+00
1.024083256721496582e+00
1.024642109870910645e+00
1.019031047821044922e+00
1.024969220161437988e+00
1.060372591018676758e+00
1.064337372779846191e+00
1.065194010734558105e+00
1.062547326087951660e+00
1.065222620964050293e+00
1.099055409431457520e+00
1.085791587829589844e+00
1.133909702301025391e+00
1.105318427085876465e+00
1.129609942436218262e+00
1.137912154197692871e+00
1.174661993980407715e+00
1.183981299400329590e+00
1.187905311584472656e+00
1.195422887802124023e+00
1.228574037551879883e+00
1.231631159782409668e+00
1.269532799720764160e+00
1.263856053352355957e+00
1.280134320259094238e+00
1.330749750137329102e+00
1.337216019630432129e+00
1.362420082092285156e+00
1.385329246520996094e+00
1.409148454666137695e+00
1.452442407608032227e+00
1.483448863029479980e+00
1.502582907676696777e+00
1.559846878051757812e+00
1.591821432113647461e+00
1.615914344787597656e+00
1.636485934257507324e+00
1.692440271377563477e+00
1.751182317733764648e+00
1.794159054756164551e+00
1.837154388427734375e+00
1.896460771560668945e+00
1.960629343986511230e+00
1.998277306556701660e+00
2.064124107360839844e+00
2.054984569549560547e+00
2.070944786071777344e+00
2.068966627120971680e+00
2.073453903198242188e+00
2.080640316009521484e+00
2.069032907485961914e+00
2.083775997161865234e+00
2.094866037368774414e+00
2.113713026046752930e+00
2.123058080673217773e+00
2.229596614837646484e+00
2.376345396041870117e+00
2.524818181991577148e+00
2.708278417587280273e+00
2.724714756011962891e+00
2.752901077270507812e+00
2.778066396713256836e+00
2.792809724807739258e+00
2.811231374740600586e+00
2.824784994125366211e+00
2.857598066329956055e+00
2.858919382095336914e+00
2.874832868576049805e+00
2.917253494262695312e+00
1.318008303642272949e+00
1.289525985717773438e+00
1.260789394378662109e+00
1.246598243713378906e+00
1.234183549880981445e+00
1.228981614112854004e+00
1.243515968322753906e+00
1.239870190620422363e+00
1.237476944923400879e+00
1.272319436073303223e+00
1.291028857231140137e+00
1.306841969490051270e+00
3.382120847702026367e+00
3.443642377853393555e+00
3.491962671279907227e+00
inf
inf
inf
inf
inf
inf
inf
inf
inf
inf
inf
inf
2.105749607086181641e+00
2.077245950698852539e+00
2.043158531188964844e+00
2.037490129470825195e+00
2.036802053451538086e+00
2.051714420318603516e+00
2.088138103485107422e+00
2.145590782165527344e+00
inf
inf
inf
inf
3.066263675689697266e+00
3.046690225601196289e+00
3.025497198104858398e+00
3.039033412933349609e+00
3.084723234176635742e+00
inf
inf
inf
7.094129323959350586e-01
6.584109067916870117e-01
6.440837979316711426e-01
6.356043815612792969e-01
6.468619704246520996e-01
6.209623813629150391e-01
6.326826214790344238e-01
6.282091140747070312e-01
6.042799353599548340e-01
6.278603076934814453e-01
5.971254706382751465e-01
5.971427559852600098e-01
6.190971136093139648e-01
6.107037663459777832e-01
6.151960492134094238e-01
6.193743348121643066e-01
